        2.00125       -2791.14        1272.68        1590.48        1455.46
        2.00251       -2788.65        1285.19        3540.51        1451.81
        2.00627       -2784.70        1223.30        2009.89        1452.25
        2.00752       -2782.73        1201.37        1028.64        1452.30
        2.01003       -2780.63        1243.30        1567.13        1450.78
        2.01254       -2776.72        1312.56        3184.28        1446.70
        2.01505       -2773.38        1262.17        2030.32        1446.17
        2.01881       -2767.80        1343.63        3810.77        1441.66
        2.02132       -2766.13        1280.09        1381.52        1444.20
        2.02382       -2763.19        1304.74        1986.76        1441.59
        2.02633       -2759.56        1298.13        1673.77        1440.97
        2.02759       -2759.03        1312.53        2365.54        1439.63
        2.03009       -2755.30        1330.76        2220.50        1437.99
        2.03260       -2751.75        1376.54        2302.08        1435.89
        2.03511       -2748.95        1398.26        5221.17        1430.86
        2.03762       -2746.16        1301.55        1265.51        1434.89
        2.04013       -2741.86        1428.70        3636.36        1429.19
        2.04263       -2740.69        1332.45        1607.55        1432.08
        2.04514       -2735.57        1388.25        2328.63        1427.64
        2.04765       -2733.28        1345.45        1207.77        1428.72
        2.05141       -2726.28        1505.88        5311.67        1418.31
        2.05392       -2724.99        1394.49        1321.45        1424.65
        2.05517       -2723.61        1369.17        1371.96        1423.73
        2.05768       -2719.18        1470.51        5053.06        1416.32
        2.06019       -2716.22        1406.19        1931.32        1419.11
        2.06270       -2711.22        1526.03        4881.39        1411.87
        2.06520       -2710.64        1395.60        1848.56        1417.06
        2.06771       -2704.47        1520.70        3812.67        1409.20
        2.07022       -2702.51        1471.96        2288.78        1411.66
        2.07273       -2698.96        1507.38        4341.19        1407.26
        2.07524       -2693.06        1590.14        7364.05        1398.98
        2.07900       -2688.66        1485.09        1470.82        1405.63
        2.08150       -2685.87        1536.66        2883.38        1402.09
        2.08401       -2679.38        1691.46        8158.77        1389.69
        2.08652       -2676.78        1561.50        2379.23        1397.35
        2.08903       -2674.61        1544.36        2291.47        1396.87
        2.09154       -2671.27        1546.00        1856.70        1394.98
        2.09404       -2666.70        1592.99        2204.65        1392.98
        2.09655       -2662.57        1603.05        3004.04        1388.75
        2.09906       -2660.76        1546.76        1592.47        1390.53
        2.10157       -2652.49        1770.51        7787.83        1375.67
        2.10408       -2650.37        1651.17        3702.65        1380.31
        2.10658       -2648.28        1580.27        1736.74        1382.68
        2.10909       -2642.27        1659.86        2436.94        1377.94
        2.11160       -2639.69        1633.25        2476.86        1376.38
        2.11411       -2636.05        1665.90        2716.83        1374.22
        2.11661       -2629.68        1738.19        2888.99        1369.84
        2.11912       -2627.41        1659.02        2740.80        1368.65
        2.12163       -2624.45        1703.45        3262.41        1366.45
        2.12414       -2617.74        1769.63        3131.43        1361.88
        2.12665       -2616.02        1680.32        2562.71        1363.30
        2.12915       -2612.18        1724.41        2790.69        1359.46
        2.13166       -2605.06        1841.79        3553.75        1353.83
        2.13417       -2602.30        1810.92        4950.40        1351.32
        2.13668       -2598.85        1856.85        5147.45        1348.49
        2.13918       -2592.10        1855.46        3091.67        1346.39
        2.14169       -2590.31        1756.62        2527.69        1347.07
        2.14420       -2586.25        1862.97        4101.52        1342.11
        2.14671       -2580.93        1856.38        3052.70        1341.21
        2.14922       -2575.11        1856.23        4700.29        1332.58
        2.15047       -2571.52        1939.86        6296.59        1327.50
        2.15298       -2568.91        1910.78        4872.24        1329.06
        2.15674       -2562.37        1888.49        4067.19        1326.80
        2.15925       -2560.16        1937.66        4253.50        1325.54
        2.16176       -2552.51        1966.85        4432.66        1319.61
        2.16426       -2549.83        1888.01        4436.81        1318.45
        2.16677       -2545.58        1977.65        4480.62        1315.07
        2.16928       -2534.36        2116.83        6645.94        1301.00
        2.17053       -2531.29        2198.26        8132.83        1294.31
        2.17429       -2530.53        1955.29        4922.29        1304.08
        2.17555       -2525.63        1998.64        3956.71        1300.77
        2.17806       -2518.85        2093.42        6150.58        1291.35
        2.18182       -2512.72        2070.57        5015.20        1288.11
        2.18307       -2512.37        2060.44        4280.15        1292.39
        2.18558       -2505.88        2078.36        5677.34        1283.78
        2.18809       -2504.53        2048.13        5253.11        1284.81
        2.19060       -2491.44        2317.20        10470.6        1264.52
        2.19310       -2487.48        2212.46        7928.28        1263.47
        2.19561       -2486.86        2190.07        7609.92        1267.27
        2.19812       -2477.74        2278.82        7753.00        1259.06
        2.20063       -2470.98        2251.83        7544.86        1250.69
        2.20313       -2469.01        2310.75        9537.80        1248.86
        2.20564       -2462.35        2350.42        6738.76        1248.38
        2.20815       -2454.32        2322.81        8819.02        1236.35
        2.21066       -2447.77        2477.66        13178.4        1221.17
        2.21317       -2446.50        2329.13        8604.95        1233.02
        2.21567       -2431.31        2538.74        14396.0        1202.28
        2.21818       -2437.96        2370.15        9250.45        1226.01
        2.22069       -2421.26        2554.92        14229.9        1194.80
        2.22320       -2416.31        2524.42        12686.7        1194.86
        2.22571       -2421.03        2403.54        9228.43        1211.56
        2.22821       -2407.90        2561.04        12414.3        1190.58
        2.23072       -2399.69        2541.75        14684.7        1177.93
        2.23323       -2397.81        2550.99        13149.8        1181.80
        2.23574       -2389.44        2600.55        15110.3        1169.60
        2.23824       -2379.14        2665.02        16851.2        1151.76
        2.24075       -2375.64        2703.19        17028.2        1151.19
        2.24451       -2358.33        2934.44        25329.4        1113.49
        2.24702       -2345.57        3183.99        31303.0        1086.24
        2.24953       -2353.07        2696.65        16870.3        1128.69
        2.25204       -2334.80        3127.21        28793.4        1080.24
        2.25455       -2335.64        2940.21        21749.6        1100.61
        2.25705       -2330.82        2967.66        26834.3        1085.80
        2.25956       -2304.76        3211.70        37180.3        1018.94
        2.26207       -2312.99        2871.40        21225.2        1072.15
        2.26458       -2303.06        3126.04        32693.7        1035.80
        2.26708       -2300.73        2852.66        21264.6        1057.53
        2.26959       -2288.80        3174.18        32900.3        1024.09
        2.27210       -2283.08        3234.09        33450.4        1012.08
        2.27461       -2265.30        3083.40        33819.8        981.742
        2.27712       -2259.45        3281.76        41140.2        965.816
        2.27962       -2253.53        3237.54        34596.5        966.568
        2.28213       -2237.63        3180.34        42123.1        921.082
        2.28464       -2237.34        3172.65        40141.1        930.994
        2.28715       -2230.02        3187.24        39935.6        923.085
        2.28966       -2219.24        3304.52        48520.3        891.984
        2.29216       -2219.45        3179.42        38440.8        917.357
        2.29467       -2212.37        3088.94        41828.3        899.136
        2.29718       -2198.45        3139.11        43560.7        867.382
        2.29969       -2182.13        3214.28        47354.3        828.105
        2.30219       -2183.54        3180.52        44532.9        845.155
        2.30470       -2180.72        3206.86        46859.1        843.370
        2.30721       -2158.30        3203.15        51785.8        774.348
        2.30972       -2158.91        3017.03        47729.9        790.247
        2.31223       -2140.92        3012.68        51471.3        733.008
        2.31473       -2152.33        3096.01        42846.2        805.408
        2.31724       -2131.22        3082.88        51366.8        725.668
        2.31975       -2119.69        2957.31        51285.8        704.102
        2.32226       -2115.87        2964.88        50223.2        701.344
        2.32476       -2107.30        2864.78        49680.5        680.583
        2.32727       -2093.98        2815.19        50236.0        646.824
        2.32978       -2096.10        2982.89        53294.6        655.453
        2.33229       -2086.22        2755.35        46004.1        661.307
        2.33480       -2081.76        2735.58        46184.6        653.227
        2.33730       -2080.97        2796.56        46989.6        663.567
        2.33981       -2074.84        2765.02        49521.1        631.649
        2.34232       -2056.21        2686.04        46941.2        583.861
        2.34483       -2060.71        2629.67        43527.7        628.026
        2.34734       -2047.28        2532.04        44251.3        580.285
        2.34984       -2035.88        2482.42        42829.1        552.014
        2.35235       -2041.23        2530.16        45119.1        583.435
        2.35486       -2029.90        2477.66        43443.0        555.141
        2.35737       -2024.22        2402.83        42521.1        546.002
        2.35987       -2020.33        2421.30        41174.8        544.422
        2.36238       -2013.11        2352.66        41186.9        523.227
        2.36489       -2002.99        2323.25        39911.6        503.423
        2.36740       -2001.31        2314.42        38618.4        520.582
        2.36991       -1999.42        2288.44        39917.8        520.824
        2.37241       -1987.62        2241.34        39030.1        477.417
        2.37492       -1978.65        2181.96        37381.4        454.372
        2.37743       -1975.14        2188.98        35663.9        463.292
        2.37994       -1970.93        2124.71        36062.0        452.239
        2.38245       -1965.60        2070.97        33754.6        449.926
        2.38495       -1965.06        2123.45        35510.8        454.598
        2.38746       -1951.17        1966.59        30585.5        405.853
        2.38997       -1955.41        2064.58        33499.4        453.687
        2.39248       -1946.94        2067.35        34044.9        429.821
        2.39498       -1940.96        1904.32        31202.6        420.721
        2.39749       -1933.35        1935.98        30612.5        397.726
        2.40000       -1935.28        1949.52        30575.0        422.930
