          Temp:     MC_cycles:         Avg_E:       Avg_E^2:       Avg_mag:     Avg_mag^2: accepted conf:    1.000000000            100   -798.2400000    399.5600000    637200.6400    159649.0400             26
    1.000000000            200   -799.0000000    399.7500000    638409.9200    159800.6200             48
    1.000000000            300   -798.9066667    399.7266667    638260.2667    159781.9333             80
    1.000000000            400   -798.6900000    399.6600000    637915.6400    159728.8400            120
    1.000000000            500   -798.4400000    399.6040000    637520.0960    159684.2480            174
    1.000000000            600   -798.8466667    399.7066667    638165.6267    159766.0533            168
    1.000000000            700   -798.9200000    399.7257143    638281.5771    159781.2000            202
    1.000000000            800   -798.8600000    399.7100000    638185.8400    159768.6500            220
    1.000000000            900   -798.6533333    399.6555556    637858.4711    159725.3289            292
    1.000000000           1000   -799.0720000    399.7640000    638523.2000    159811.7280            258
    1.000000000           1100   -798.9600000    399.7363636    638345.1927    159789.6909            325
    1.000000000           1200   -798.8466667    399.7066667    638165.6533    159766.0600            360
    1.000000000           1300   -798.6769231    399.6553846    637895.6308    159725.2185            426
    1.000000000           1400   -798.9000000    399.7185714    638250.2057    159775.5400            413
    1.000000000           1500   -798.8213333    399.6986667    638125.1627    159759.6693            434
    1.000000000           1600   -798.7725000    399.6900000    638047.8100    159752.7650            479
    1.000000000           1700   -798.8023529    399.6941176    638095.0118    159756.0424            508
    1.000000000           1800   -798.8311111    399.7033333    638140.6933    159763.3800            501
    1.000000000           1900   -798.9852632    399.7431579    638385.2295    159795.0989            526
    1.000000000           2000   -798.9620000    399.7360000    638348.4240    159789.4080            506
    1.000000000           2100   -798.8323810    399.7019048    638142.7581    159762.2610            648
    1.000000000           2200   -798.9800000    399.7400000    638377.3164    159792.6255            558
    1.000000000           2300   -798.9043478    399.7226087    638257.2522    159778.7565            610
    1.000000000           2400   -798.7133333    399.6725000    637953.4800    159738.8050            740
    1.000000000           2500   -798.8944000    399.7160000    638241.5552    159773.5280            727
    1.000000000           2600   -798.8953846    399.7169231    638243.2369    159774.2585            716
    1.000000000           2700   -798.8133333    399.7000000    638112.8474    159760.7481            872
    1.000000000           2800   -798.8542857    399.7107143    638177.3029    159769.2443            868
    1.000000000           2900   -798.7448276    399.6793103    638003.8841    159744.2579            870
    1.000000000           3000   -798.9093333    399.7180000    638265.3440    159775.1453            798
    1.000000000           3100   -798.9445161    399.7322581    638320.6710    159786.4297            894
    1.000000000           3200   -798.9362500    399.7281250    638307.8150    159783.1613            856
    1.000000000           3300   -798.7090909    399.6727273    637946.6424    159738.9721            982
    1.000000000           3400   -798.8670588    399.7105882    638197.4918    159769.1553            994
    1.000000000           3500   -798.8045714    399.6954286    638098.5326    159757.0937           1032
    1.000000000           3600   -799.0311111    399.7533333    638458.4089    159803.2422            984
    1.000000000           3700   -798.8400000    399.7054054    638155.0400    159765.0519           1084
    1.000000000           3800   -798.9021053    399.7205263    638253.7895    159777.1126           1078
    1.000000000           3900   -798.8574359    399.7082051    638182.3836    159767.2667           1190
    1.000000000           4000   -798.8810000    399.7160000    638219.8280    159773.4720           1152
    1.000000000           4100   -798.8575610    399.7082927    638182.7161    159767.3502           1180
    1.000000000           4200   -798.7847619    399.6885714    638067.2381    159751.6419           1214
    1.000000000           4300   -798.7618605    399.6781395    638031.1777    159743.3991           1258
    1.000000000           4400   -798.7545455    399.6809091    638018.8727    159745.5200           1408
    1.000000000           4500   -798.8062222    399.6964444    638101.0738    159757.8871           1342
    1.000000000           4600   -798.8695652    399.7113043    638202.0243    159769.7652           1330
    1.000000000           4700   -798.8834043    399.7174468    638223.7004    159774.6230           1458
    1.000000000           4800   -798.7641667    399.6850000    638034.0900    159748.7650           1382
    1.000000000           4900   -798.8408163    399.7020408    638156.6433    159762.4098           1446
    1.000000000           5000   -798.9328000    399.7272000    638302.1056    159782.4096           1420
    1.000000000           5100   -799.0219608    399.7498039    638444.0565    159800.4533           1452
    1.000000000           5200   -798.8092308    399.6988462    638106.2031    159759.8177           1594
    1.000000000           5300   -798.8747170    399.7105660    638210.2551    159769.1872           1520
    1.000000000           5400   -798.8888889    399.7162963    638232.4385    159773.7259           1516
    1.000000000           5500   -798.8552727    399.7094545    638178.6880    159768.2378           1679
    1.000000000           5600   -798.8542857    399.7089286    638177.5143    159767.8464           1595
    1.000000000           5700   -798.9291228    399.7256140    638296.7130    159781.1846           1596
    1.000000000           5800   -798.8441379    399.7068966    638160.9710    159766.1945           1730
    1.000000000           5900   -798.8366102    399.7027119    638149.5159    159762.9037           1775
    1.000000000           6000   -798.8173333    399.7000000    638119.0933    159760.7467           1828
    1.000000000           6100   -798.8196721    399.6957377    638123.0216    159757.3941           1816
    1.000000000           6200   -798.8483871    399.7054839    638167.9974    159765.1013           1794
    1.000000000           6300   -798.8139683    399.6958730    638113.5543    159757.4629           1820
    1.000000000           6400   -798.8356250    399.7021875    638147.9225    159762.4894           1902
    1.000000000           6500   -798.8098462    399.6987692    638107.1360    159759.7582           1904
    1.000000000           6600   -798.8951515    399.7172727    638242.5527    159774.5218           1864
    1.000000000           6700   -798.8907463    399.7176119    638235.5296    159774.7737           1922
    1.000000000           6800   -798.8888235    399.7170588    638232.4118    159774.3306           1982
    1.000000000           6900   -798.8684058    399.7118841    638200.5797    159770.2493           1940
    1.000000000           7000   -798.8960000    399.7177143    638244.1006    159774.8811           2080
    1.000000000           7100   -798.9064789    399.7202817    638260.3966    159776.9020           2048
    1.000000000           7200   -798.8738889    399.7136111    638208.7889    159771.5861           2080
    1.000000000           7300   -798.9468493    399.7320548    638324.7342    159786.2926           2130
    1.000000000           7400   -798.8389189    399.7035135    638153.3016    159763.5486           2158
    1.000000000           7500   -798.9189333    399.7242667    638280.3520    159780.0843           2100
    1.000000000           7600   -798.9142105    399.7215789    638272.8947    159777.9568           2122
    1.000000000           7700   -798.7698701    399.6859740    638043.3455    159749.5548           2330
    1.000000000           7800   -798.8584615    399.7097436    638183.9877    159768.4903           2268
    1.000000000           7900   -798.8243038    399.7005063    638129.9808    159761.1397           2344
    1.000000000           8000   -798.8780000    399.7150000    638215.2080    159772.6830           2284
    1.000000000           8100   -798.8340741    399.7019753    638145.4321    159762.3126           2421
    1.000000000           8200   -798.9078049    399.7219512    638262.4761    159778.2234           2336
    1.000000000           8300   -798.9050602    399.7214458    638258.2554    159777.8275           2418
    1.000000000           8400   -798.9533333    399.7345238    638334.9486    159788.2500           2400
    1.000000000           8500   -798.8447059    399.7040000    638162.1741    159763.9238           2444
    1.000000000           8600   -798.8297674    399.7013953    638138.5823    159761.8512           2568
    1.000000000           8700   -798.8473563    399.7064368    638166.4864    159765.8616           2570
    1.000000000           8800   -798.9563636    399.7352273    638339.8509    159788.8150           2450
    1.000000000           8900   -798.8485393    399.7074157    638168.4171    159766.6418           2631
    1.000000000           9000   -798.8768889    399.7151111    638213.6978    159772.7876           2486
    1.000000000           9100   -798.8421978    399.7052747    638158.6251    159764.9560           2718
    1.000000000           9200   -798.9486957    399.7330435    638327.5026    159787.0652           2546
    1.000000000           9300   -798.8735484    399.7133333    638208.3011    159771.3699           2608
    1.000000000           9400   -798.8238298    399.7008511    638129.2732    159761.4247           2732
    1.000000000           9500   -798.9157895    399.7237895    638275.1815    159779.6943           2685
    1.000000000           9600   -798.8166667    399.6989583    638117.6500    159759.8929           2756
    1.000000000           9700   -798.8898969    399.7175258    638234.3324    159774.7225           2828
    1.000000000           9800   -798.8608163    399.7089796    638187.7927    159767.8914           2786
    1.000000000           9900   -798.9365657    399.7296970    638308.2279    159784.3992           2692
    1.000000000          10000   -798.7920000    399.6906000    638078.8256    159753.2684           3107
