        2.00000       -17436.6        12628.9        9009.46        290512.
        2.00201       -17425.4        10884.8        9019.50        245193.
        2.00402       -17387.4        14701.5        8777.14    1.04420E+06
        2.00603       -17358.1        16035.1        8609.55    1.51835E+06
        2.00804       -17368.5        12832.0        8866.65        696340.
        2.01005       -17366.3        11162.9        9003.27        202562.
        2.01206       -17311.7        17227.7        8636.65    1.31714E+06
        2.01407       -17331.5        11847.3        8933.44        387466.
        2.01608       -17287.9        16106.8        8643.04    1.27136E+06
        2.01809       -17275.2        15660.2        8681.28    1.16278E+06
        2.02010       -17279.8        12934.3        8859.88        549884.
        2.02211       -17264.7        13059.8        8847.58        609036.
        2.02412       -17257.5        11803.3        8949.60        218577.
        2.02613       -17197.4        16899.4        8430.04    1.64434E+06
        2.02814       -17191.1        16996.0        8576.53    1.27901E+06
        2.03015       -17197.3        13682.2        8795.61        622874.
        2.03216       -17191.4        12378.8        8876.74        339352.
        2.03417       -17119.4        18658.8        8246.37    2.02066E+06
        2.03618       -17124.7        16617.5        8511.96    1.35441E+06
        2.03819       -17148.4        11474.0        8886.66        236805.
        2.04020       -17099.9        16004.5        8554.30    1.22345E+06
        2.04221       -17084.5        15758.8        8602.37    1.00795E+06
        2.04422       -17079.5        15012.6        8681.71        837899.
        2.04623       -17084.7        11701.6        8875.04        177816.
        2.04824       -17051.7        13533.4        8730.41        571623.
        2.05025       -17029.0        14804.5        8635.58        863887.
        2.05226       -17005.8        16042.9        8585.56        967245.
        2.05427       -17018.6        10910.0        8848.37        136987.
        2.05628       -16977.6        15031.7        8601.14        872356.
        2.05829       -16975.4        13130.4        8760.73        338928.
        2.06030       -16949.0        14507.8        8655.07        694645.
        2.06231       -16938.0        13609.1        8697.26        517603.
        2.06432       -16900.9        16333.2        8481.56    1.14391E+06
        2.06633       -16882.3        16403.3        8478.65    1.11130E+06
        2.06834       -16897.8        11502.0        8772.23        188511.
        2.07035       -16844.0        17339.9        8435.38    1.18926E+06
        2.07236       -16812.6        18103.9        8280.89    1.53060E+06
        2.07437       -16809.5        16471.8        8444.47        956012.
        2.07638       -16820.2        12954.9        8707.95        251682.
        2.07839       -16728.7        20756.6        7967.24    1.92862E+06
        2.08040       -16735.3        19324.3        8191.73    1.61258E+06
        2.08241       -16770.6        12378.4        8703.06        186653.
        2.08442       -16745.5        13039.2        8647.18        323730.
        2.08643       -16711.2        15662.1        8437.24        935165.
        2.08844       -16700.2        14993.0        8536.38        598764.
        2.09045       -16692.6        12880.0        8635.22        287794.
        2.09246       -16629.2        19476.9        8159.63    1.66379E+06
        2.09447       -16653.5        13157.0        8596.53        340061.
        2.09648       -16601.2        17838.0        8279.04    1.22396E+06
        2.09849       -16617.2        13580.9        8579.36        361879.
        2.10050       -16585.0        15053.7        8453.26        697186.
        2.10251       -16557.7        15962.7        8373.85        890622.
        2.10452       -16526.5        17886.0        8210.03    1.39008E+06
        2.10653       -16539.7        13610.0        8554.53        259443.
        2.10854       -16513.3        14321.5        8502.82        359572.
        2.11055       -16501.1        13226.3        8527.40        265748.
        2.11256       -16471.1        14762.8        8449.87        456456.
        2.11457       -16370.9        21626.9        7630.41    2.07678E+06
        2.11658       -16431.8        14805.4        8420.15        451147.
        2.11859       -16410.9        14844.6        8421.33        429348.
        2.12060       -16394.2        13979.6        8448.63        313326.
        2.12261       -16340.6        18869.5        8026.79    1.63102E+06
        2.12462       -16337.2        16906.1        8300.55        675759.
        2.12663       -16324.5        15147.7        8332.81        570175.
        2.12864       -16304.0        15824.4        8315.69        570192.
        2.13065       -16292.3        13654.0        8412.49        207834.
        2.13266       -16270.4        14268.3        8390.52        264977.
        2.13467       -16228.3        17180.7        8195.06        736098.
        2.13668       -16217.0        16049.7        8275.64        507753.
        2.13869       -16170.0        18920.7        7998.86    1.15627E+06
        2.14070       -16182.5        14599.2        8290.35        412674.
        2.14271       -16159.8        14451.7        8306.19        270664.
        2.14472       -16133.8        14996.8        8230.31        511199.
        2.14673       -16099.3        17047.3        8127.14        709285.
        2.14874       -16058.1        19080.0        7949.08    1.17489E+06
        2.15075       -16063.9        15537.5        8215.16        343423.
        2.15276       -16041.7        15925.6        8137.42        594510.
        2.15477       -16024.9        14213.8        8235.51        223475.
        2.15678       -15996.4        15768.1        8163.52        370693.
        2.15879       -15976.1        15176.1        8159.51        356821.
        2.16080       -15946.5        15741.0        8112.49        426772.
        2.16281       -15901.5        18683.9        7847.38    1.13491E+06
        2.16482       -15908.9        14455.7        8153.22        184279.
        2.16683       -15872.0        15725.0        8056.82        379675.
        2.16884       -15858.8        14901.7        8110.49        218949.
        2.17085       -15833.4        15122.8        8071.21        295467.
        2.17286       -15787.1        18047.4        7868.26        840191.
        2.17487       -15753.0        18700.6        7768.51    1.03446E+06
        2.17688       -15758.7        15031.8        8034.45        205576.
        2.17889       -15729.4        15583.9        7997.67        252788.
        2.18090       -15685.9        17805.4        7835.21        621841.
        2.18291       -15681.0        15356.9        7975.96        184587.
        2.18492       -15655.0        15223.7        7956.77        192661.
        2.18693       -15625.6        16343.5        7918.09        258863.
        2.18894       -15598.8        16328.3        7882.29        259893.
        2.19095       -15558.7        17728.2        7772.34        491143.
        2.19296       -15542.1        15638.5        7853.79        165632.
        2.19497       -15510.4        17408.9        7747.36        442747.
        2.19698       -15488.3        16697.5        7780.78        311153.
        2.19899       -15448.1        17736.3        7657.90        577695.
        2.20101       -15422.7        17826.4        7653.56        481976.
        2.20302       -15377.8        19628.7        7491.62        772408.
        2.20503       -15365.5        17169.6        7639.01        327936.
        2.20704       -15339.4        17240.4        7621.90        310143.
        2.20905       -15300.0        19168.8        7477.34        656074.
        2.21106       -15287.6        16770.8        7611.72        198005.
        2.21307       -15252.1        17929.2        7527.49        366600.
        2.21508       -15219.8        18049.7        7509.30        288255.
        2.21709       -15185.9        19641.4        7378.19        655934.
        2.21910       -15158.9        18305.7        7446.42        254948.
        2.22111       -15130.3        18211.1        7425.00        288344.
        2.22312       -15107.1        17646.8        7442.37        182117.
        2.22513       -15045.8        19777.8        7216.28        509578.
        2.22714       -15025.4        19726.2        7209.49        585071.
        2.22915       -14986.6        20020.5        7143.46        574578.
        2.23116       -14972.7        18248.7        7250.65        284683.
        2.23317       -14926.4        20183.0        7098.46        534129.
        2.23518       -14890.9        19767.3        7072.78        421169.
        2.23719       -14847.5        20668.8        6948.05        635339.
        2.23920       -14822.7        20364.7        6970.73        486045.
        2.24121       -14745.8        23621.3        6580.28    1.12652E+06
        2.24322       -14741.5        21783.5        6799.66        626089.
        2.24523       -14706.4        21373.4        6780.85        560804.
        2.24724       -14646.7        22612.3        6561.72        783374.
        2.24925       -14638.5        21819.6        6677.81        606674.
        2.25126       -14579.0        23524.4        6486.89        770735.
        2.25327       -14566.9        20919.2        6595.88        553405.
        2.25528       -14485.9        24141.0        6187.76    1.03381E+06
        2.25729       -14431.2        24580.2        6088.49    1.02263E+06
        2.25930       -14416.9        22845.4        6200.64        720683.
        2.26131       -14373.0        23863.3        5993.41    1.06952E+06
        2.26332       -14353.8        22728.3        6167.33        598966.
        2.26533       -14291.6        23032.7        5957.00        813309.
        2.26734       -14241.9        24493.5        5701.17    1.19373E+06
        2.26935       -14152.0        26458.6        5294.58    1.48549E+06
        2.27136       -14149.8        23767.0        5549.85        963172.
        2.27337       -14081.8        24808.3        5175.27    1.25512E+06
        2.27538       -14045.2        24920.8        5169.27    1.21664E+06
        2.27739       -14009.5        24219.2        5115.94    1.21989E+06
        2.27940       -13903.3        24712.3        4477.41    1.64386E+06
        2.28141       -13889.3        24092.3        4616.41    1.43123E+06
        2.28342       -13833.1        24170.2        4264.61    1.73253E+06
        2.28543       -13798.8        23357.2        4358.22    1.39721E+06
        2.28744       -13762.0        22891.4        4288.77    1.41328E+06
        2.28945       -13685.3        22611.1        3813.62    1.59405E+06
        2.29146       -13695.1        22213.9        4205.57    1.28240E+06
        2.29347       -13595.5        21780.9        3545.08    1.49230E+06
        2.29548       -13582.6        22500.1        3643.83    1.47387E+06
        2.29749       -13529.6        20937.5        3428.45    1.42225E+06
        2.29950       -13510.0        21070.9        3443.80    1.51756E+06
        2.30151       -13449.2        19941.7        3282.33    1.31461E+06
        2.30352       -13391.9        19452.8        2891.30    1.27680E+06
        2.30553       -13378.8        19511.0        3085.93    1.28060E+06
        2.30754       -13316.5        18428.1        2851.58    1.17995E+06
        2.30955       -13275.7        17741.6        2572.54    1.10264E+06
        2.31156       -13276.0        18868.4        2909.96    1.19167E+06
        2.31357       -13208.8        17043.9        2495.16    1.05437E+06
        2.31558       -13168.6        16795.4        2274.04        990302.
        2.31759       -13158.5        17602.2        2492.69    1.09377E+06
        2.31960       -13107.3        16450.4        2240.25        945377.
        2.32161       -13062.4        15672.7        2033.81        873611.
        2.32362       -13042.6        16201.6        2132.35        921854.
        2.32563       -13023.7        15786.3        2118.69        913512.
        2.32764       -12981.4        15557.5        2070.73        815525.
        2.32965       -12950.0        14884.1        1921.53        713251.
        2.33166       -12913.8        14662.2        1892.40        659288.
        2.33367       -12881.9        14186.2        1737.30        624172.
        2.33568       -12857.6        14475.6        1798.33        670609.
        2.33769       -12835.3        14267.1        1801.04        668166.
        2.33970       -12804.4        14109.0        1709.77        635940.
        2.34171       -12761.7        13758.0        1607.20        569037.
        2.34372       -12743.7        14128.7        1682.21        597571.
        2.34573       -12712.4        13280.6        1552.20        533013.
        2.34774       -12689.9        13565.6        1625.09        559991.
        2.34975       -12653.2        13470.0        1506.26        521402.
        2.35176       -12636.8        13230.7        1544.86        495389.
        2.35377       -12606.7        13310.8        1478.14        478217.
        2.35578       -12577.8        12939.2        1419.19        444499.
        2.35779       -12552.6        12929.6        1415.31        430477.
        2.35980       -12523.7        12778.7        1453.06        452479.
        2.36181       -12497.5        12518.5        1353.87        392218.
        2.36382       -12473.5        12478.2        1322.34        387820.
        2.36583       -12442.3        12277.9        1338.19        378321.
        2.36784       -12421.6        12298.0        1258.24        353186.
        2.36985       -12400.7        12273.9        1289.13        371539.
        2.37186       -12375.0        11986.1        1239.29        338191.
        2.37387       -12345.7        11921.6        1225.91        324764.
        2.37588       -12325.5        12053.7        1233.07        356771.
        2.37789       -12293.4        11653.0        1163.94        309094.
        2.37990       -12273.4        11872.8        1175.79        314880.
        2.38191       -12244.1        11414.2        1140.79        281360.
        2.38392       -12220.9        11512.1        1077.35        269166.
        2.38593       -12204.4        11449.4        1141.72        288809.
        2.38794       -12172.4        11236.9        1068.81        267086.
        2.38995       -12153.1        11181.5        1071.19        251518.
        2.39196       -12129.6        11096.8        1078.84        253093.
        2.39397       -12106.9        11104.9        1058.32        241093.
        2.39598       -12083.3        10938.6        1065.44        265421.
        2.39799       -12063.6        10898.3        1023.88        250206.
