        2.00000       -2792.16        1266.06        1455.09        2428.75
        2.00201       -2790.06        1217.71        1455.42        1502.10
        2.00402       -2786.38        1280.05        1451.04        3207.67
        2.00603       -2784.91        1243.93        1451.44        2498.25
        2.00804       -2782.44        1255.26        1449.59        2936.88
        2.01005       -2780.04        1232.08        1450.76        1514.60
        2.01206       -2777.23        1304.51        1445.80        3901.93
        2.01407       -2775.13        1293.55        1446.28        2918.40
        2.01608       -2772.33        1268.95        1446.37        1942.14
        2.01809       -2770.36        1299.43        1443.08        3945.31
        2.02010       -2767.97        1293.67        1442.84        3051.91
        2.02211       -2765.07        1296.13        1442.54        2353.83
        2.02412       -2763.24        1299.11        1441.31        2550.98
        2.02613       -2760.37        1319.13        1439.55        2700.38
        2.02814       -2757.68        1305.27        1439.30        2175.83
        2.03015       -2755.99        1302.82        1438.70        1948.26
        2.03216       -2753.42        1295.83        1438.08        1498.41
        2.03417       -2749.07        1396.24        1430.83        5238.23
        2.03618       -2747.73        1360.87        1432.29        3733.01
        2.03819       -2745.72        1338.26        1433.76        2008.91
        2.04020       -2742.30        1364.89        1431.10        2772.70
        2.04221       -2740.27        1366.52        1429.57        3248.66
        2.04422       -2737.79        1365.92        1429.72        2121.72
        2.04623       -2734.28        1386.81        1426.70        2924.27
        2.04824       -2732.44        1377.89        1426.48        2655.94
        2.05025       -2729.82        1389.22        1425.39        2472.83
        2.05226       -2725.07        1495.54        1418.05        5689.90
        2.05427       -2724.15        1429.71        1421.09        3631.77
        2.05628       -2721.67        1414.41        1420.26        3213.87
        2.05829       -2715.43        1607.15        1407.10        9688.64
        2.06030       -2715.86        1433.07        1417.87        2685.46
        2.06231       -2713.56        1438.87        1416.45        2997.68
        2.06432       -2710.22        1436.84        1415.87        2186.54
        2.06633       -2707.36        1473.98        1412.79        3168.77
        2.06834       -2704.58        1490.88        1409.76        4164.61
        2.07035       -2700.97        1515.48        1408.20        4087.15
        2.07236       -2698.22        1547.90        1404.76        5514.30
        2.07437       -2696.41        1511.67        1406.19        3980.23
        2.07638       -2692.66        1513.91        1405.60        2707.53
        2.07839       -2690.51        1513.68        1403.28        3823.09
        2.08040       -2687.23        1566.26        1398.20        6143.42
        2.08241       -2684.11        1525.67        1400.24        3576.58
        2.08442       -2680.60        1602.02        1395.20        5429.11
        2.08643       -2679.68        1518.93        1399.89        2459.39
        2.08844       -2676.05        1515.73        1398.38        1962.86
        2.09045       -2672.56        1564.51        1394.32        3211.74
        2.09246       -2669.97        1567.85        1393.66        2755.07
        2.09447       -2667.40        1529.63        1394.04        1937.48
        2.09648       -2663.25        1603.31        1388.14        3835.14
        2.09849       -2660.14        1611.48        1387.12        3016.53
        2.10050       -2657.73        1593.21        1387.07        2870.66
        2.10251       -2654.81        1593.56        1385.38        2876.72
        2.10452       -2651.23        1605.64        1382.92        2673.42
        2.10653       -2648.28        1621.40        1381.51        3109.20
        2.10854       -2644.88        1657.78        1378.07        3995.19
        2.11055       -2641.26        1651.04        1375.91        3451.04
        2.11256       -2637.16        1717.37        1371.63        5052.99
        2.11457       -2635.23        1667.71        1373.43        2946.18
        2.11658       -2632.06        1664.58        1371.47        3065.34
        2.11859       -2628.45        1707.64        1368.90        3651.03
        2.12060       -2625.87        1675.58        1368.73        2649.33
        2.12261       -2622.21        1703.26        1365.17        3233.79
        2.12462       -2619.84        1672.79        1366.39        2478.23
        2.12663       -2615.60        1706.95        1362.06        2987.08
        2.12864       -2612.60        1750.46        1357.84        4661.93
        2.13065       -2608.62        1752.01        1357.14        3527.30
        2.13266       -2603.50        1865.18        1348.49        6494.27
        2.13467       -2603.10        1742.42        1354.34        3136.45
        2.13668       -2598.18        1781.25        1350.22        3859.37
        2.13869       -2595.06        1783.63        1348.75        3334.40
        2.14070       -2591.74        1798.78        1346.41        3247.97
        2.14271       -2587.84        1799.67        1344.36        3309.89
        2.14472       -2583.59        1859.76        1338.93        4790.30
        2.14673       -2582.12        1825.66        1340.86        3633.78
        2.14874       -2575.24        1924.33        1331.21        6081.75
        2.15075       -2572.28        1906.24        1330.89        5124.96
        2.15276       -2569.01        1907.23        1327.75        5768.08
        2.15477       -2565.81        1884.68        1329.26        3852.01
        2.15678       -2561.75        1922.70        1325.64        4203.41
        2.15879       -2558.77        1889.69        1323.87        3881.31
        2.16080       -2553.60        1990.94        1316.62        6629.41
        2.16281       -2551.09        1933.80        1318.78        4288.39
        2.16482       -2547.23        1946.61        1314.81        4587.04
        2.16683       -2542.85        1969.02        1311.82        4938.59
        2.16884       -2539.61        1958.21        1310.72        4269.01
        2.17085       -2534.71        2041.16        1302.51        6771.41
        2.17286       -2531.38        2006.64        1303.75        5330.35
        2.17487       -2528.24        2005.68        1302.00        4953.14
        2.17688       -2522.83        2081.00        1294.16        6818.69
        2.17889       -2518.85        2070.61        1293.35        5777.36
        2.18090       -2514.00        2142.31        1287.13        6908.31
        2.18291       -2510.85        2122.32        1285.91        6586.46
        2.18492       -2504.78        2189.14        1278.06        7841.15
        2.18693       -2503.56        2123.55        1282.86        5771.07
        2.18894       -2497.22        2209.24        1271.40        8627.50
        2.19095       -2494.81        2173.97        1274.33        6970.21
        2.19296       -2488.00        2227.94        1264.23        8060.30
        2.19497       -2482.07        2327.19        1252.95        11941.2
        2.19698       -2482.91        2194.04        1267.06        6157.65
        2.19899       -2472.75        2366.67        1245.14        11631.2
        2.20101       -2471.28        2292.83        1249.56        9316.38
        2.20302       -2467.63        2301.35        1249.25        8159.65
        2.20503       -2459.65        2418.97        1234.90        11696.8
        2.20704       -2456.58        2362.07        1233.34        10871.4
        2.20905       -2453.99        2333.97        1237.32        9085.32
        2.21106       -2446.13        2446.63        1224.53        11286.6
        2.21307       -2443.72        2363.24        1225.24        9426.57
        2.21508       -2440.08        2376.29        1223.32        10272.3
        2.21709       -2433.64        2403.61        1216.73        9715.22
        2.21910       -2428.22        2477.14        1206.30        12400.9
        2.22111       -2421.67        2583.68        1197.97        14555.1
        2.22312       -2417.71        2545.16        1192.82        15186.4
        2.22513       -2414.59        2542.39        1192.88        13586.2
        2.22714       -2407.47        2640.34        1182.45        15809.4
        2.22915       -2403.54        2596.12        1181.24        14627.1
        2.23116       -2395.42        2683.64        1165.05        17843.9
        2.23317       -2392.07        2683.54        1167.37        16051.3
        2.23518       -2387.62        2641.55        1162.95        15653.1
        2.23719       -2381.54        2735.42        1149.82        19476.8
        2.23920       -2375.81        2771.60        1146.51        18798.9
        2.24121       -2371.67        2691.66        1145.82        17098.6
        2.24322       -2360.77        2915.67        1115.21        25242.9
        2.24523       -2360.47        2826.73        1129.46        20345.6
        2.24724       -2355.34        2783.34        1122.75        20086.5
        2.24925       -2346.12        2964.88        1095.96        28847.0
        2.25126       -2342.41        2898.54        1102.79        23356.8
        2.25327       -2335.48        2944.64        1091.06        24825.8
        2.25528       -2324.94        3054.71        1062.55        31476.8
        2.25729       -2322.04        3104.75        1068.46        29108.7
        2.25930       -2318.37        2973.36        1067.78        26623.0
        2.26131       -2309.47        3077.43        1046.05        31161.8
        2.26332       -2302.49        3181.99        1033.88        35029.2
        2.26533       -2302.28        2963.26        1049.95        26975.2
        2.26734       -2293.77        3052.79        1032.79        28714.9
        2.26935       -2289.06        3030.61        1027.78        30280.5
        2.27136       -2280.57        3142.99        1007.46        33749.8
        2.27337       -2274.03        3152.74        994.089        35190.3
        2.27538       -2258.50        3213.79        960.359        38583.0
        2.27739       -2261.56        3181.14        971.874        38486.7
        2.27940       -2255.34        3181.93        960.963        39908.2
        2.28141       -2247.01        3207.89        951.889        38410.4
        2.28342       -2240.23        3252.34        936.033        41435.2
        2.28543       -2231.35        3263.90        912.764        44172.4
        2.28744       -2224.53        3206.75        908.947        42087.5
        2.28945       -2221.70        3254.11        905.362        42537.1
        2.29146       -2214.61        3226.03        887.287        45014.9
        2.29347       -2210.29        3197.26        891.866        43607.5
        2.29548       -2202.34        3230.19        872.313        44786.9
        2.29749       -2199.36        3174.70        868.036        44229.6
        2.29950       -2189.47        3192.25        849.802        46430.5
        2.30151       -2187.16        3212.65        850.851        45763.7
        2.30352       -2174.77        3195.34        809.845        50214.5
        2.30553       -2166.99        3098.43        803.805        47671.7
        2.30754       -2168.80        3111.72        820.702        45838.9
        2.30955       -2157.72        3074.30        787.611        47281.6
        2.31156       -2150.37        3057.08        777.476        48210.1
        2.31357       -2149.16        3071.75        783.327        46636.1
        2.31558       -2142.43        3028.91        765.086        48148.3
        2.31759       -2129.72        3029.52        728.962        50463.7
        2.31960       -2125.13        3076.25        724.158        50640.9
        2.32161       -2127.00        2922.64        741.598        46837.2
        2.32362       -2114.14        2901.42        710.526        47282.7
        2.32563       -2105.59        2866.83        684.198        48976.4
        2.32764       -2106.05        2845.84        695.620        47220.3
        2.32965       -2096.92        2819.87        676.469        47805.6
        2.33166       -2093.64        2842.29        678.942        47066.9
        2.33367       -2086.11        2752.37        650.585        47518.5
        2.33568       -2083.13        2778.70        661.003        46670.6
        2.33769       -2074.88        2735.96        638.258        46627.1
        2.33970       -2071.66        2730.65        632.570        47794.1
        2.34171       -2063.24        2680.42        618.072        46231.7
        2.34372       -2060.19        2656.06        613.718        45233.4
        2.34573       -2054.98        2637.36        597.803        46559.7
        2.34774       -2047.70        2601.01        585.154        45118.0
        2.34975       -2041.14        2531.67        566.374        45065.8
        2.35176       -2036.45        2516.55        561.414        43893.1
        2.35377       -2031.89        2455.03        556.384        43391.0
        2.35578       -2029.35        2494.91        557.097        43644.1
        2.35779       -2023.32        2405.63        544.622        42230.7
        2.35980       -2019.61        2403.11        544.939        42125.3
        2.36181       -2016.13        2412.22        539.085        41876.5
        2.36382       -2007.73        2339.24        518.880        40658.9
        2.36583       -2001.82        2262.86        506.874        39513.8
        2.36784       -1999.61        2284.62        504.349        39915.5
        2.36985       -1996.33        2292.33        503.362        39562.8
        2.37186       -1986.80        2254.93        479.268        38179.1
        2.37387       -1983.40        2175.57        475.698        37091.6
        2.37588       -1985.05        2230.90        492.495        38607.1
        2.37789       -1977.34        2145.71        474.758        35797.4
        2.37990       -1974.01        2175.42        470.916        36534.6
        2.38191       -1969.38        2105.02        466.693        35163.3
        2.38392       -1962.27        2104.38        449.668        34395.0
        2.38593       -1957.18        2043.60        440.524        33070.9
        2.38794       -1954.36        2000.64        430.291        32657.1
        2.38995       -1951.67        2026.15        433.366        32932.8
        2.39196       -1948.86        2013.59        437.793        32197.8
        2.39397       -1942.23        1971.39        414.773        31401.1
        2.39598       -1939.41        2004.72        423.177        31914.0
        2.39799       -1936.94        1976.06        419.608        31741.0
