        2.00000       -6279.25        3229.12        3265.30        18425.8
        2.00201       -6274.10        3033.79        3263.19        16906.3
        2.00402       -6267.67        3113.98        3252.90        27284.0
        2.00603       -6263.87        2993.19        3260.86        13612.7
        2.00804       -6254.30        3493.64        3236.85        39825.1
        2.01005       -6249.24        3415.27        3230.70        47230.5
        2.01206       -6243.77        3456.51        3230.35        43770.9
        2.01407       -6241.98        3070.61        3250.76        13122.0
        2.01608       -6236.92        3074.14        3250.03        11313.4
        2.01809       -6228.69        3366.93        3230.36        35430.7
        2.02010       -6216.14        4007.38        3183.71        91055.8
        2.02211       -6215.35        3570.14        3209.73        54344.0
        2.02412       -6215.28        3042.03        3241.28        9023.09
        2.02613       -6208.31        3253.93        3232.45        16517.2
        2.02814       -6201.95        3315.18        3222.05        28131.3
        2.03015       -6192.98        3661.57        3201.15        50892.5
        2.03216       -6191.07        3267.53        3223.31        15735.5
        2.03417       -6184.03        3465.61        3213.27        26120.1
        2.03618       -6171.97        4187.58        3170.04        82825.9
        2.03819       -6175.72        3171.39        3223.23        8745.32
        2.04020       -6168.51        3323.19        3213.86        14951.5
        2.04221       -6157.44        3853.62        3178.62        58246.6
        2.04422       -6157.67        3213.14        3213.10        10405.6
        2.04623       -6149.93        3388.98        3200.85        20535.9
        2.04824       -6144.74        3381.03        3202.53        15668.2
        2.05025       -6135.12        3759.58        3175.05        48377.8
        2.05226       -6134.11        3240.19        3202.33        8308.39
        2.05427       -6126.35        3414.98        3191.14        17473.3
        2.05628       -6110.32        4439.35        3125.79        97111.3
        2.05829       -6112.58        3662.55        3171.44        37533.3
        2.06030       -6106.52        3665.18        3170.39        35781.0
        2.06231       -6101.11        3582.24        3171.89        27877.4
        2.06432       -6095.19        3596.74        3171.51        23999.1
        2.06633       -6090.94        3405.18        3181.27        7970.53
        2.06834       -6080.34        3800.45        3150.60        41417.9
        2.07035       -6078.02        3457.88        3171.35        10650.1
        2.07236       -6069.14        3754.57        3152.72        31474.3
        2.07437       -6062.83        3761.61        3147.27        35374.4
        2.07638       -6058.79        3506.88        3161.53        10225.6
        2.07839       -6052.39        3548.86        3156.60        14002.0
        2.08040       -6041.93        3900.97        3130.54        40857.1
        2.08241       -6037.69        3764.09        3141.58        22519.4
        2.08442       -6030.26        3823.47        3132.93        29979.2
        2.08643       -6023.59        3971.18        3129.74        30709.7
        2.08844       -6017.87        3824.63        3130.07        23300.9
        2.09045       -6011.00        3777.60        3126.71        21719.0
        2.09246       -6005.16        3746.56        3129.42        13879.6
        2.09447       -5998.14        3810.84        3120.49        22278.5
        2.09648       -5990.65        3905.65        3114.27        25915.9
        2.09849       -5982.76        3979.17        3105.06        30864.3
        2.10050       -5978.74        3773.29        3116.37        13256.9
        2.10251       -5970.86        3923.19        3106.68        20902.5
        2.10452       -5962.09        4030.06        3094.10        29155.8
        2.10653       -5955.39        4018.85        3091.25        28586.7
        2.10854       -5946.26        4290.29        3078.65        38796.5
        2.11055       -5939.39        4203.27        3075.86        36859.7
        2.11256       -5935.76        3882.44        3091.51        12155.9
        2.11457       -5927.82        3994.10        3083.92        16704.9
        2.11658       -5918.85        4166.62        3071.40        26244.9
        2.11859       -5912.08        4146.38        3068.04        24298.8
        2.12060       -5905.42        4108.75        3067.63        19805.2
        2.12261       -5899.11        4081.22        3065.98        17881.3
        2.12462       -5893.00        3949.06        3068.86        9336.92
        2.12663       -5884.32        4122.10        3055.96        19828.1
        2.12864       -5873.97        4401.80        3034.06        40482.5
        2.13065       -5868.14        4172.77        3046.26        16393.9
        2.13266       -5857.06        4571.54        3019.56        44626.2
        2.13467       -5854.15        4087.03        3043.34        10716.1
        2.13668       -5843.65        4415.43        3022.06        33258.0
        2.13869       -5835.02        4449.28        3018.90        25337.8
        2.14070       -5828.14        4306.86        3017.37        20441.8
        2.14271       -5823.26        4126.15        3025.94        8858.60
        2.14472       -5807.25        4767.46        2978.59        52532.5
        2.14673       -5801.60        4691.45        2981.51        47005.8
        2.14874       -5796.84        4418.80        2999.06        19352.3
        2.15075       -5789.22        4273.64        2999.00        12876.0
        2.15276       -5777.43        4673.68        2970.93        38700.1
        2.15477       -5770.96        4574.93        2972.73        30571.4
        2.15678       -5762.90        4542.79        2973.40        20661.1
        2.15879       -5754.00        4619.76        2962.57        25359.3
        2.16080       -5742.97        4908.75        2939.44        46973.8
        2.16281       -5735.42        4903.63        2942.59        36665.8
        2.16482       -5730.07        4633.27        2954.26        17010.4
        2.16683       -5721.06        4748.16        2941.02        25696.6
        2.16884       -5709.38        4830.74        2926.21        27895.4
        2.17085       -5699.96        4962.45        2920.44        28750.5
        2.17286       -5694.86        4727.14        2926.05        20724.9
        2.17487       -5683.56        4888.66        2912.43        23037.1
        2.17688       -5673.53        4951.62        2901.74        24582.8
        2.17889       -5666.92        4844.02        2905.74        19082.4
        2.18090       -5655.00        5078.36        2884.22        34245.9
        2.18291       -5649.19        4931.85        2890.35        22630.8
        2.18492       -5639.82        4975.43        2881.68        23772.4
        2.18693       -5628.82        5083.03        2869.85        25361.9
        2.18894       -5618.85        5053.74        2863.30        22450.4
        2.19095       -5606.58        5385.58        2837.72        41946.0
        2.19296       -5601.42        5037.58        2850.04        24022.1
        2.19497       -5588.88        5222.69        2833.74        28753.7
        2.19698       -5578.80        5320.09        2819.68        34264.5
        2.19899       -5567.53        5517.54        2802.39        44890.5
        2.20101       -5562.17        5318.77        2816.74        23203.1
        2.20302       -5551.85        5306.00        2804.75        27354.1
        2.20503       -5537.94        5509.48        2781.61        37514.6
        2.20704       -5530.14        5494.88        2780.86        37334.9
        2.20905       -5516.65        5622.80        2763.11        34747.0
        2.21106       -5505.02        5773.15        2743.14        49647.4
        2.21307       -5497.78        5724.66        2746.42        41326.7
        2.21508       -5487.36        5555.79        2745.60        29792.3
        2.21709       -5471.74        5792.31        2713.32        42960.4
        2.21910       -5457.55        6083.56        2689.74        48199.1
        2.22111       -5447.67        6036.05        2678.59        54811.7
        2.22312       -5437.51        6063.96        2672.12        49952.3
        2.22513       -5426.31        6110.60        2661.68        47648.2
        2.22714       -5418.16        6028.07        2664.55        39789.8
        2.22915       -5402.22        6259.91        2634.19        50006.2
        2.23116       -5389.78        6299.71        2617.83        52704.4
        2.23317       -5372.88        6708.91        2575.46        74359.6
        2.23518       -5364.41        6573.11        2583.52        60163.5
        2.23719       -5357.92        6250.19        2586.08        57465.1
        2.23920       -5337.16        6597.41        2540.87        75629.9
        2.24121       -5325.61        6517.53        2534.01        64472.6
        2.24322       -5305.46        7170.55        2477.81        92489.5
        2.24523       -5298.00        6777.99        2484.57        79037.0
        2.24724       -5270.36        7296.46        2397.47        118815.
        2.24925       -5275.39        6763.29        2467.69        68909.7
        2.25126       -5256.93        7220.10        2404.50        111037.
        2.25327       -5242.95        7134.12        2399.39        92503.3
        2.25528       -5227.85        7310.06        2365.54        106325.
        2.25729       -5216.82        7211.12        2356.44        103657.
        2.25930       -5205.43        7259.78        2340.31        104685.
        2.26131       -5183.54        7719.55        2274.00        139217.
        2.26332       -5172.91        7453.29        2277.56        121494.
        2.26533       -5150.31        7734.37        2199.53        158520.
        2.26734       -5135.06        7919.45        2179.08        155749.
        2.26935       -5125.20        7705.29        2174.45        154688.
        2.27136       -5112.01        7725.86        2149.06        155205.
        2.27337       -5096.97        7756.91        2119.42        154544.
        2.27538       -5074.84        7977.30        2044.52        181356.
        2.27739       -5057.92        8090.22        2004.58        194171.
        2.27940       -5043.75        7860.93        1975.46        195979.
        2.28141       -5017.77        8208.65        1891.08        219852.
        2.28342       -4999.96        7978.71        1859.29        209252.
        2.28543       -4999.92        8145.54        1885.74        209766.
        2.28744       -4973.15        7954.93        1793.83        224310.
        2.28945       -4970.28        7810.35        1848.18        193589.
        2.29146       -4943.81        7617.17        1737.97        220267.
        2.29347       -4932.39        7676.59        1726.57        208648.
        2.29548       -4912.99        7778.41        1657.94        230950.
        2.29749       -4897.68        7870.21        1610.71        245487.
        2.29950       -4879.60        7528.72        1568.98        233418.
        2.30151       -4867.21        7341.33        1544.46        227113.
        2.30352       -4863.82        7375.44        1579.07        218387.
        2.30553       -4835.80        7405.19        1469.10        222966.
        2.30754       -4822.40        7070.25        1442.72        223082.
        2.30955       -4807.41        7136.07        1400.61        230098.
        2.31156       -4794.32        7033.79        1369.83        224218.
        2.31357       -4785.72        7166.52        1358.17        228901.
        2.31558       -4781.68        6881.37        1407.65        208167.
        2.31759       -4752.72        6486.25        1262.70        214327.
        2.31960       -4745.31        6648.86        1272.93        211858.
        2.32161       -4719.24        6321.07        1173.42        196487.
        2.32362       -4726.36        6556.51        1267.48        203723.
        2.32563       -4709.30        6238.44        1216.37        196753.
        2.32764       -4694.46        6078.75        1171.52        189193.
        2.32965       -4680.37        6194.18        1147.02        193839.
        2.33166       -4669.70        5789.41        1130.47        179701.
        2.33367       -4653.50        5684.71        1064.47        171627.
        2.33568       -4645.45        5775.83        1073.38        177400.
        2.33769       -4631.00        5623.30        1028.49        168718.
        2.33970       -4622.79        5621.92        1034.33        169046.
        2.34171       -4611.72        5488.45        992.637        166792.
        2.34372       -4601.45        5466.78        1003.84        159883.
        2.34573       -4582.90        5374.24        930.486        157388.
        2.34774       -4576.70        5343.11        926.331        155691.
        2.34975       -4568.74        5202.69        923.918        150056.
        2.35176       -4555.06        5121.47        892.629        148591.
        2.35377       -4547.55        5066.87        896.376        141072.
        2.35578       -4537.10        5070.22        860.319        139752.
        2.35779       -4524.97        4902.38        838.431        130381.
        2.35980       -4513.17        4911.16        826.342        130237.
        2.36181       -4505.16        4876.95        798.475        128363.
        2.36382       -4492.86        4732.28        784.831        117930.
        2.36583       -4486.04        4704.46        796.066        119253.
        2.36784       -4473.10        4649.53        756.480        115914.
        2.36985       -4466.18        4511.92        757.751        107593.
        2.37186       -4458.80        4687.54        771.421        114227.
        2.37387       -4448.96        4591.61        742.506        108783.
        2.37588       -4438.36        4478.60        727.480        105038.
        2.37789       -4431.32        4413.37        711.749        102182.
        2.37990       -4421.78        4404.14        718.522        102914.
        2.38191       -4411.64        4305.29        708.614        97550.4
        2.38392       -4406.27        4367.77        687.737        100306.
        2.38593       -4391.94        4274.27        652.946        91932.4
        2.38794       -4384.87        4220.62        656.075        88213.9
        2.38995       -4374.84        4256.87        635.813        88827.5
        2.39196       -4367.31        4192.52        634.930        86874.8
        2.39397       -4361.43        4173.05        649.221        87208.5
        2.39598       -4349.09        4100.88        625.763        83486.3
        2.39799       -4341.99        4091.79        612.754        80459.8
