        2.00000       -11164.0        6594.18        5790.21        85512.4
        2.00201       -11150.6        6560.74        5764.20        130932.
        2.00402       -11113.3        10027.0        5549.17        532765.
        2.00603       -11138.6        5730.48        5801.06        30072.2
        2.00804       -11105.0        8726.25        5596.47        480164.
        2.01005       -11111.3        6817.53        5732.21        166872.
        2.01206       -11103.6        6609.45        5739.01        139656.
        2.01407       -11086.9        7613.55        5684.40        253164.
        2.01608       -11063.4        9444.19        5577.52        455832.
        2.01809       -11035.6        11209.9        5405.43        763067.
        2.02010       -11069.3        5965.53        5766.16        32201.7
        2.02211       -11037.4        8880.67        5585.31        400030.
        2.02412       -11049.1        6151.81        5747.57        51496.1
        2.02613       -11031.0        7268.91        5680.87        198117.
        2.02814       -11025.4        6690.06        5717.98        98132.1
        2.03015       -11019.2        6310.72        5733.08        54978.6
        2.03216       -10977.1        9975.33        5470.77        576665.
        2.03417       -10988.5        7741.77        5657.78        196039.
        2.03618       -10978.2        7711.85        5631.76        247778.
        2.03819       -10977.2        6498.86        5712.36        57017.6
        2.04020       -10954.0        8107.60        5606.79        277839.
        2.04221       -10948.0        7863.10        5630.71        218998.
        2.04422       -10945.7        6488.01        5692.39        64799.0
        2.04623       -10930.6        7077.61        5649.92        150573.
        2.04824       -10898.1        10111.1        5468.32        502538.
        2.05025       -10883.8        10330.5        5443.93        526032.
        2.05226       -10885.2        9078.98        5538.32        354200.
        2.05427       -10882.5        8232.41        5584.48        238421.
        2.05628       -10869.6        8296.55        5558.66        298034.
        2.05829       -10871.1        6546.41        5659.93        52158.9
        2.06030       -10845.2        8670.87        5530.82        310476.
        2.06231       -10848.6        6828.80        5638.30        74505.0
        2.06432       -10830.2        7770.14        5583.96        183677.
        2.06633       -10819.2        7862.54        5579.45        166151.
        2.06834       -10816.0        6902.12        5626.66        68870.1
        2.07035       -10801.6        7152.00        5606.93        93006.1
        2.07236       -10792.3        7021.00        5608.52        73516.5
        2.07437       -10770.2        8438.27        5529.94        221145.
        2.07638       -10758.8        8444.94        5526.92        222964.
        2.07839       -10743.2        8795.74        5474.90        301169.
        2.08040       -10747.5        7034.52        5590.13        72129.5
        2.08241       -10726.8        8255.53        5533.37        174554.
        2.08442       -10716.6        8136.43        5529.50        169008.
        2.08643       -10703.0        8387.90        5499.95        222083.
        2.08844       -10699.5        7100.29        5571.51        46847.3
        2.09045       -10683.3        8041.77        5531.18        109320.
        2.09246       -10675.5        7297.85        5549.06        69376.7
        2.09447       -10658.0        7931.84        5502.43        158236.
        2.09648       -10644.1        8397.27        5474.71        203738.
        2.09849       -10637.4        7421.17        5522.18        74599.9
        2.10050       -10618.3        8493.83        5469.52        178298.
        2.10251       -10610.4        7962.60        5486.27        127783.
        2.10452       -10601.9        7378.66        5507.29        71183.4
        2.10653       -10581.1        8471.47        5443.02        186561.
        2.10854       -10569.0        8335.70        5436.48        183840.
        2.11055       -10566.3        7228.37        5503.87        32282.7
        2.11256       -10547.9        8065.29        5460.81        100574.
        2.11457       -10535.9        7718.94        5457.57        84636.1
        2.11658       -10525.1        7593.93        5464.70        58374.1
        2.11859       -10511.9        7705.09        5452.23        73438.0
        2.12060       -10485.6        9435.49        5350.69        257436.
        2.12261       -10482.9        8095.50        5422.21        96146.8
        2.12462       -10469.0        8216.30        5417.96        84909.6
        2.12663       -10451.7        8721.41        5369.06        181773.
        2.12864       -10443.5        7998.22        5407.36        66381.7
        2.13065       -10425.4        8479.78        5371.48        119292.
        2.13266       -10408.8        8929.91        5328.65        197268.
        2.13467       -10388.5        10119.0        5267.28        320398.
        2.13668       -10388.6        8202.40        5377.93        64198.3
        2.13869       -10377.8        7680.00        5380.13        45034.0
        2.14070       -10357.9        8711.99        5328.96        131562.
        2.14271       -10349.0        7895.16        5364.34        37150.6
        2.14472       -10318.3        10100.6        5220.55        307667.
        2.14673       -10310.3        9242.90        5274.70        173700.
        2.14874       -10298.1        8969.20        5290.57        110107.
        2.15075       -10281.5        9396.02        5244.33        202532.
        2.15276       -10272.8        8599.45        5290.80        83666.6
        2.15477       -10257.1        8822.71        5264.59        119552.
        2.15678       -10233.6        9607.90        5193.73        234838.
        2.15879       -10230.8        8470.87        5279.18        46681.5
        2.16080       -10209.4        9315.77        5226.39        122799.
        2.16281       -10198.4        8446.94        5245.14        64432.0
        2.16482       -10178.1        9478.55        5194.42        136031.
        2.16683       -10163.9        9092.68        5207.52        83976.2
        2.16884       -10147.8        9448.34        5186.22        112696.
        2.17085       -10134.0        9223.21        5167.16        139665.
        2.17286       -10110.1        10279.1        5101.11        227723.
        2.17487       -10104.1        8700.83        5179.88        44801.3
        2.17688       -10083.4        9680.34        5130.79        125851.
        2.17889       -10070.9        9331.52        5140.69        86046.9
        2.18090       -10049.9        9535.59        5104.50        113585.
        2.18291       -10039.8        9198.85        5125.56        62587.7
        2.18492       -10016.9        10323.5        5062.88        156468.
        2.18693       -9991.64        10708.7        5008.38        220517.
        2.18894       -9979.14        10501.0        5008.09        201972.
        2.19095       -9973.87        9453.44        5071.93        63769.7
        2.19296       -9925.81        11931.7        4880.89        333522.
        2.19497       -9930.14        10112.5        5006.84        112250.
        2.19698       -9914.00        10787.9        4964.97        190525.
        2.19899       -9896.81        10100.3        4978.05        125456.
        2.20101       -9879.93        10264.9        4955.73        126051.
        2.20302       -9857.69        11062.3        4894.98        231645.
        2.20503       -9840.67        10151.0        4937.24        88771.2
        2.20704       -9825.35        10574.9        4905.61        126519.
        2.20905       -9809.94        10485.2        4904.53        114122.
        2.21106       -9776.24        11047.6        4827.03        163669.
        2.21307       -9771.46        10425.5        4884.89        64945.6
        2.21508       -9748.27        10934.6        4833.42        124748.
        2.21709       -9717.45        11622.7        4746.01        212717.
        2.21910       -9702.44        10934.5        4770.23        121693.
        2.22111       -9686.10        11322.6        4751.21        151639.
        2.22312       -9655.28        11495.0        4702.26        155927.
        2.22513       -9644.90        11539.1        4699.06        176540.
        2.22714       -9624.59        11288.0        4699.94        109063.
        2.22915       -9596.68        11546.7        4637.80        157443.
        2.23116       -9581.79        11727.4        4635.94        150125.
        2.23317       -9558.50        11957.5        4597.80        182171.
        2.23518       -9525.49        12373.9        4516.95        196224.
        2.23719       -9517.49        12232.5        4540.43        187889.
        2.23920       -9487.96        12398.1        4494.02        182336.
        2.24121       -9459.07        12970.0        4436.06        202601.
        2.24322       -9458.18        11666.6        4510.89        120274.
        2.24523       -9405.91        12992.0        4335.37        243406.
        2.24724       -9389.22        13184.2        4320.99        244355.
        2.24925       -9355.75        13693.5        4226.47        310730.
        2.25126       -9337.74        13225.3        4245.25        220751.
        2.25327       -9313.39        13918.9        4171.30        324239.
        2.25528       -9290.27        13601.1        4167.60        274977.
        2.25729       -9270.34        13507.9        4132.54        302167.
        2.25930       -9217.45        14899.7        3903.03        470193.
        2.26131       -9218.60        13866.6        4039.05        300947.
        2.26332       -9167.48        15179.8        3841.60        457550.
        2.26533       -9126.17        15029.8        3686.32        512138.
        2.26734       -9131.42        14688.8        3846.36        355603.
        2.26935       -9083.86        15193.8        3668.24        466599.
        2.27136       -9069.88        14897.4        3683.31        437864.
        2.27337       -9036.09        14988.9        3568.60        482144.
        2.27538       -8991.84        15332.0        3365.72        618301.
        2.27739       -8971.41        15655.3        3356.27        595784.
        2.27940       -8935.18        15273.9        3236.21        618641.
        2.28141       -8925.46        14976.7        3281.75        583187.
        2.28342       -8856.08        15290.8        2932.97        702853.
        2.28543       -8872.89        15054.1        3189.52        560303.
        2.28744       -8847.26        14719.0        3129.26        570857.
        2.28945       -8792.05        15292.9        2812.24        721433.
        2.29146       -8777.55        14530.4        2865.73        668911.
        2.29347       -8731.79        14214.7        2651.27        687724.
        2.29548       -8725.00        14086.2        2734.03        633114.
        2.29749       -8685.86        13463.4        2585.08        624687.
        2.29950       -8651.36        13062.8        2466.56        606234.
        2.30151       -8629.19        13587.6        2403.40        668410.
        2.30352       -8589.23        12651.0        2242.72        623728.
        2.30553       -8569.19        13028.4        2217.01        649911.
        2.30754       -8554.06        12827.1        2188.42        642097.
        2.30955       -8533.49        12154.6        2168.65        560722.
        2.31156       -8482.73        11476.6        1884.08        578577.
        2.31357       -8477.38        11946.1        2014.87        573289.
        2.31558       -8446.34        11425.7        1852.62        541693.
        2.31759       -8418.34        11121.6        1791.63        501344.
        2.31960       -8401.68        11056.9        1814.83        506040.
        2.32161       -8388.65        11015.2        1821.42        494058.
        2.32362       -8360.85        10762.4        1688.74        481810.
        2.32563       -8332.59        10550.7        1599.65        461664.
        2.32764       -8315.95        10356.9        1578.60        454398.
        2.32965       -8301.40        10213.3        1580.66        442503.
        2.33166       -8271.03        9901.76        1428.73        430254.
        2.33367       -8251.68        9690.49        1461.95        400005.
        2.33568       -8235.10        9896.91        1445.34        407342.
        2.33769       -8213.88        9469.55        1360.02        364721.
        2.33970       -8201.86        9385.08        1392.18        376065.
        2.34171       -8174.36        9135.44        1313.58        345464.
        2.34372       -8154.66        9127.44        1285.06        323076.
        2.34573       -8139.33        8912.78        1272.43        308967.
        2.34774       -8118.19        8883.01        1241.69        312723.
        2.34975       -8112.40        8899.49        1272.74        326200.
        2.35176       -8088.44        8794.12        1182.13        302947.
        2.35377       -8072.37        8564.35        1181.57        273082.
        2.35578       -8056.18        8562.29        1178.77        295705.
        2.35779       -8032.99        8510.51        1102.08        272734.
        2.35980       -8023.03        8462.85        1165.14        276998.
        2.36181       -8005.09        8265.96        1129.24        261656.
        2.36382       -7983.88        8064.19        1029.52        233409.
        2.36583       -7969.13        7902.78        1045.90        230560.
        2.36784       -7954.62        8079.68        1020.97        229970.
        2.36985       -7934.31        8035.10        1015.60        229762.
        2.37186       -7919.05        7896.64        983.003        219273.
        2.37387       -7904.25        7800.10        1005.28        211506.
        2.37588       -7885.17        7635.38        930.720        198255.
        2.37789       -7877.54        7655.92        972.860        199109.
        2.37990       -7856.67        7674.66        956.509        193354.
        2.38191       -7839.01        7565.17        921.637        183968.
        2.38392       -7825.47        7560.39        910.735        183976.
        2.38593       -7808.85        7359.41        858.323        162990.
        2.38794       -7799.86        7453.50        916.369        185443.
        2.38995       -7778.18        7393.46        881.132        172921.
        2.39196       -7764.30        7285.92        864.256        170743.
        2.39397       -7748.28        7245.32        850.553        154824.
        2.39598       -7737.92        7143.82        860.065        162748.
        2.39799       -7720.29        7060.99        828.835        149617.
